local isOpen = false
workspace.Door.ProximityPrompt.Triggered:Connect(function()
	if isOpen then
		isOpen=false
		task.wait()
		workspace.Door.CFrame=CFrame.new(48.3512688, 5.28927851, -39.3847809, -0.50000006, 0, 0.866025388, 0, 0.99999994, 0, -0.866025388, 0, -0.50000006)
		task.wait()
		workspace.Door.CFrame=CFrame.new(48.5609818, 5.28927851, -39.49226, -0.411043853, 0, 0.911615551, 0, 1, 0, -0.911615551, 0, -0.411043853)
		task.wait()
		workspace.Door.CFrame=CFrame.new(48.7803764, 5.28927851, -39.5782661, -0.317980617, 0, 0.948097229, 0, 1, 0, -0.948097229, 0, -0.317980617)
		task.wait()
		workspace.Door.CFrame=CFrame.new(49.0072632, 5.28927851, -39.6419373, -0.221740231, 0, 0.975105762, 0, 1, 0, -0.975105762, 0, -0.221740231)
		task.wait()
		workspace.Door.CFrame=CFrame.new(49.2393723, 5.28927851, -39.6826401, -0.12328428, 0, 0.99237138, 0, 1, 0, -0.99237138, 0, -0.12328428)
		task.wait()
		workspace.Door.CFrame=CFrame.new(49.4743843, 5.28927851, -39.6999702, -0.0235966444, 0, 0.999721587, 0, 1, 0, -0.999721587, 0, -0.0235966444)
		task.wait()
		workspace.Door.CFrame=CFrame.new(49.7099533, 5.28927851, -39.6937485, 0.0763268843, 0, 0.997082829, 0, 1, 0, -0.997082829, 0, 0.0763268843)
		task.wait()
		workspace.Door.CFrame=CFrame.new(49.9437256, 5.28927851, -39.6640434, 0.175487772, 0, 0.984481633, 0, 1, 0, -0.984481633, 0, 0.175487772)
		task.wait()
		workspace.Door.CFrame=CFrame.new(50.1733627, 5.28927851, -39.611145, 0.272895247, 0, 0.962043762, 0, 1, 0, -0.962043762, 0, 0.272895247)
		task.wait()
		workspace.Door.CFrame=CFrame.new(50.3965721, 5.28927851, -39.5355873, 0.367576063, 0, 0.929993451, 0, 1, 0, -0.929993451, 0, 0.367576063)
		task.wait()
		workspace.Door.CFrame=CFrame.new(50.6111221, 5.28927851, -39.4381218, 0.45858404, 0, 0.888651013, 0, 1, 0, -0.888651013, 0, 0.45858404)
		task.wait()
		workspace.Door.CFrame=CFrame.new(50.8148689, 5.28927851, -39.319725, 0.545010149, 0, 0.838429451, 0, 1, 0, -0.838429451, 0, 0.545010149)
		task.wait()
		workspace.Door.CFrame=CFrame.new(51.0057793, 5.28927851, -39.1815796, 0.625990629, 0, 0.779830575, 0, 1, 0, -0.779830575, 0, 0.625990629)
		task.wait()
		workspace.Door.CFrame=CFrame.new(51.1819458, 5.28927851, -39.0250626, 0.700716436, 0, 0.713439882, 0, 1, 0, -0.713439882, 0, 0.700716436)
		task.wait()
		workspace.Door.CFrame=CFrame.new(51.3416061, 5.28927851, -38.8517418, 0.768440902, 0, 0.639920771, 0, 1, 0, -0.639920771, 0, 0.768440902)
		task.wait()
		workspace.Door.CFrame=CFrame.new(51.4831657, 5.28927851, -38.6633492, 0.828487396, 0, 0.560007691, 0, 1, 0, -0.560007691, 0, 0.828487396)
		task.wait()
		workspace.Door.CFrame=CFrame.new(51.6052094, 5.28927851, -38.4617615, 0.880255878, 0, 0.474499285, 0, 1, 0, -0.474499285, 0, 0.880255878)
		task.wait()
		workspace.Door.CFrame=CFrame.new(51.7065163, 5.28927851, -38.2490005, 0.923229158, 0, 0.384249806, 0, 1, 0, -0.384249806, 0, 0.923229158)
		task.wait()
		workspace.Door.CFrame=CFrame.new(51.7860794, 5.28927851, -38.0271873, 0.956977844, 0, 0.290161014, 0, 1, 0, -0.290161014, 0, 0.956977844)
		task.wait()
		workspace.Door.CFrame=CFrame.new(51.8431015, 5.28927851, -37.7985382, 0.981164694, 0, 0.193173066, 0, 1, 0, -0.193173066, 0, 0.981164694)
		task.wait()
		workspace.Door.CFrame=CFrame.new(51.8770103, 5.28927851, -37.5653419, 0.995548069, 0, 0.094254978, 0, 1, 0, -0.094254978, 0, 0.995548069)

	else
		isOpen=true
		task.wait()
		workspace.Door.CFrame=CFrame.new(51.8875046, 5.28927851, -37.3431358, 1, 0, 0, 0, 1, 0, 0, 0, 1)
		task.wait()
		workspace.Door.CFrame=CFrame.new(51.8757286, 5.28927851, -37.5784912, 0.995004177, 0, 0.0998334214, 0, 1, 0, -0.0998334214, 0, 0.995004177)
		task.wait()
		workspace.Door.CFrame=CFrame.new(51.8405113, 5.28927851, -37.8114967, 0.980066597, 0, 0.198669329, 0, 1, 0, -0.198669329, 0, 0.980066597)
		task.wait()
		workspace.Door.CFrame=CFrame.new(51.7822113, 5.28927851, -38.0398216, 0.955336511, 0, 0.295520216, 0, 1, 0, -0.295520216, 0, 0.955336511)
		task.wait()
		workspace.Door.CFrame=CFrame.new(51.7014084, 5.28927851, -38.2611847, 0.921060979, 0, 0.389418334, 0, 1, 0, -0.389418334, 0, 0.921060979)
		task.wait()
		workspace.Door.CFrame=CFrame.new(51.5989075, 5.28927851, -38.4733772, 0.87758255, 0, 0.47942555, 0, 1, 0, -0.47942555, 0, 0.87758255)
		task.wait()
		workspace.Door.CFrame=CFrame.new(51.4757347, 5.28927851, -38.6742744, 0.825335622, 0, 0.564642489, 0, 1, 0, -0.564642489, 0, 0.825335622)
		task.wait()
		workspace.Door.CFrame=CFrame.new(51.3331223, 5.28927851, -38.8618736, 0.764842212, 0, 0.64421767, 0, 1, 0, -0.64421767, 0, 0.764842212)
		task.wait()
		workspace.Door.CFrame=CFrame.new(51.172493, 5.28927851, -39.0342941, 0.696706712, 0, 0.717356086, 0, 1, 0, -0.717356086, 0, 0.696706712)
		task.wait()
		workspace.Door.CFrame=CFrame.new(50.9954529, 5.28927851, -39.1898232, 0.621609986, 0, 0.783326924, 0, 1, 0, -0.783326924, 0, 0.621609986)
		task.wait()
		workspace.Door.CFrame=CFrame.new(50.803772, 5.28927851, -39.3268967, 0.540302277, 0, 0.841470957, 0, 1, 0, -0.841470957, 0, 0.540302277)
		task.wait()
		workspace.Door.CFrame=CFrame.new(50.5993614, 5.28927851, -39.444149, 0.453596085, 0, 0.891207397, 0, 1, 0, -0.891207397, 0, 0.453596085)
		task.wait()
		workspace.Door.CFrame=CFrame.new(50.3842697, 5.28927851, -39.5404091, 0.362357706, 0, 0.932039082, 0, 1, 0, -0.932039082, 0, 0.362357706)
		task.wait()
		workspace.Door.CFrame=CFrame.new(50.1606407, 5.28927851, -39.6147156, 0.267498881, 0, 0.963558197, 0, 1, 0, -0.963558197, 0, 0.267498881)
		task.wait()
		workspace.Door.CFrame=CFrame.new(49.9307098, 5.28927851, -39.6663246, 0.16996716, 0, 0.985449731, 0, 1, 0, -0.985449731, 0, 0.16996716)
		task.wait()
		workspace.Door.CFrame=CFrame.new(49.6967773, 5.28927851, -39.6947212, 0.070737198, 0, 0.997494996, 0, 1, 0, -0.997494996, 0, 0.070737198)
		task.wait()
		workspace.Door.CFrame=CFrame.new(49.4611778, 5.28927851, -39.6996231, -0.0291995462, 0, 0.999573588, 0, 1, 0, -0.999573588, 0, -0.0291995462)
		task.wait()
		workspace.Door.CFrame=CFrame.new(49.226265, 5.28927851, -39.6809769, -0.128844544, 0, 0.991664827, 0, 0.99999994, 0, -0.991664827, 0, -0.128844544)
		task.wait()
		workspace.Door.CFrame=CFrame.new(48.9943886, 5.28927851, -39.6389732, -0.227202043, 0, 0.973847628, 0, 1, 0, -0.973847628, 0, -0.227202043)
		task.wait()
		workspace.Door.CFrame=CFrame.new(48.7678604, 5.28927851, -39.574028, -0.323289543, 0, 0.946300089, 0, 1, 0, -0.946300089, 0, -0.323289543)
		task.wait()
		workspace.Door.CFrame=CFrame.new(48.5489502, 5.28927851, -39.4867973, -0.416146845, 0, 0.909297407, 0, 1, 0, -0.909297407, 0, -0.416146845)
	end
end)